199905    46
199906   122
199907    87
199908   123
199909    71
199910   -87
199911  -132
199912  -155
200001  -116
200002   -58
200003  -108
200004   -81
200005    30
200006   315
200007    71
200008    59
200009    49
200010   -37
200011   -43
200012   -59
200101    15
200102     7
200103    16
200104   -27
200105   121
200106    84
200107   213
200108   122
200109    -1
200110   -45
200111     3
200112   -22
200201   -18
200202    52
200203   104
200204   125
200205   238
200206    99
200207   164
200208   209
200209   202
200210   137
200211   -18
200212   -26
200301  -100
200302   -69
200303  -131
200304   -57
200305    -2
200306   157
200307    29
200308    45
200309    14
200310    61
200311    -9
200312   -20
200401   -17
200402   -53
200403    97
200404    90
200405    29
200406   202
200407   167
200408   136
200409    44
200410    84
200411    -8
200412    47
200501   -49
200502    10
200503     2
200504    16
200505   196
200506   176
200507   109
200508   149
200509   -19
200510   -36
200511    47
200512    -8
200601    50
200602     9
200603    25
200604    78
200605   118
200606   228
200607   262
200608   109
200609    41
200610    70
200611   -44
200612    85
200701   -15
200702   -51
200703   -63
200704    -1
200705   -43
200706    34
200707     2
200708  -111
200709   -20
200710   -60
200711  -121
200712   -81
200801   -70
200802   -44
200803   -41
200804   -44
200805    59
200806    57
200807   208
200808    49
200809 *****
200810  -140
200811   -97
200812   -78
200901  -123
200902   -61
200903   -15
200904    28
200905   136
200906   103
200907    60
200908   199
200909   -59
200910 *****
200911    24
200912    70
201001    12
201002    87
201003    -6
201004    19
201005   -22
201006   118
201007    88
201008    68
201009   -34
201010   -37
201011   -21
201012    33
201101    85
201102    80
201103   101
201104   111
201105   115
201106   159
201107   115
201108   126
201109    39
201110   -15
201111   -36
201112   -57
201201   -13
201202   -40
201203   -75
201204  -102
201205    88
201206    35
201207  -114
201208   -13
201209    25
201210   -57
201211   -88
201212    75
201301   -48
201302   -19
201303   -54
201304    18
201305    74
201306    29
201307     1
201308   -17
201309   -42
201310   -64
201311   -67
201312 *****
201401     6
201402   -14
201403   -44
201404    -3
201405   103
201406   133
201407    -8
201408   -27
201409    50
201410   -14
201411   -88
201412   -18
201501   -47
201502   -96
201503   -25
201504    41
201505   156
201506    70
201507   127
201508    82
201509    13
201510    16
201511    15
201512    43
201601     9
201602     3
201603   -50
201604     1
201605     9
201606   -39
201607    67
201608    60
201609   -56
201610   -37
201611   -70
201612    -3
201701   -20
201702    16
201703   -65
201704   -25
201705    78
201706    77
201707     9
201708    87
201709  -123
201710   -28
201711   -95
201712   -84
201801   -50
201802   -17
201803   -10
201804    55
201805    64
201806    47
201807    62
201808    19
201809    50
201810    28
201811    65
201812   -12
201901   -49
201902   -79
201903   -42
201904   -20
201905    32
201906   101
201907    96
201908   -24
201909   -39
201910   -53
201911    29
201912   -65
202001   -29
202002   -42
202003    -6
202004    10
202005    27
202006   169
202007   115
202008    -1
202009   -76
202010  -105
202011  -104
202012   -85
