 2002  -999.9000      -999.9000      -999.9000      -999.9000      -999.9000      -999.9000      -999.9000      -999.9000      -237.6867      -214.0699      -208.1547      -190.5501    
 2003  -155.2259      -146.7820      -92.78049      -51.32185      -58.98710      -135.3026      -224.6483      -345.3752      -389.3119      -393.2567      -388.2064      -363.2896    
 2004  -379.4035      -382.6099      -358.9762      -311.3602      -319.8671      -347.7834      -442.7523      -555.4731      -598.8493      -611.4106      -577.3013      -557.1943    
 2005  -561.5998      -539.1677      -502.6130      -487.9441      -465.1140      -511.5759      -640.1625      -811.8009      -877.9857      -878.2750      -867.7099      -834.0058    
 2006  -838.2635      -800.9028      -785.9701      -800.6116      -796.6930      -817.6245      -898.5442      -1015.046      -1070.267      -1072.188      -1092.162      -1096.860    
 2007  -1066.328      -1033.562      -1034.889      -1023.907      -1017.259      -1050.225      -1172.837      -1347.758      -1417.163      -1442.253      -1418.283      -1366.822    
 2008  -1333.130      -1333.843      -1297.763      -1307.679      -1321.148      -1343.556      -1481.060      -1631.212      -1691.176      -1677.825      -1608.453      -1546.505    
 2009  -1531.277      -1564.252      -1565.043      -1547.734      -1533.534      -1549.308      -1661.326      -1844.015      -1900.880      -1886.600      -1865.526      -1846.439    
 2010  -1842.110      -1826.200      -1819.998      -1831.694      -1825.544      -1930.401      -2094.464      -2278.317      -2364.812      -2352.298      -2357.344      -2343.910    
 2011  -2332.985      -2322.285      -2308.856      -2306.414      -2333.431      -2419.223      -2527.289      -2696.009      -2759.816      -2783.993      -2770.762      -2742.025    
 2012  -2731.397      -2712.679      -2675.969      -999.9000      -999.9000      -999.9000      -2941.258      -3223.188      -3319.621      -3298.605      -3269.517      -3253.784    
 2013  -3248.224      -3241.554      -3240.046      -3236.096      -3204.998      -3200.302      -999.9000      -999.9000      -999.9000      -999.9000      -3358.349      -3346.980    
 2014  -3326.612      -3303.060      -3281.467      -3270.433      -3275.288      -3328.051      -3458.777      -3583.290      -3622.184      -3613.612      -3604.485      -3569.935    
 2015  -3532.171      -3520.127      -3486.373      -3475.014      -999.9000      -999.9000      -999.9000      -3787.103      -999.9000      -999.9000      -999.9000      -999.9000    
 2016  -3728.377      -3737.347      -3736.686      -3723.343      -3709.191      -3724.492      -3885.814      -999.9000      -999.9000      -999.9000      -999.9000      -4043.880    
 2017  -999.9000      -999.9000      -999.9000      -3986.646      -3975.028      -999.9000      -999.9000      -999.9000      -999.9000      -999.9000      -999.9000      -999.9000    
 2018  -999.9000      -999.9000      -999.9000      -999.9000      -999.9000      -999.9000      -999.9000      -999.9000      -999.9000      -999.9000      -4185.299      -4188.281    
 2019  -4197.702      -4221.203      -4236.186      -4224.380      -4217.214      -4288.655      -4471.407      -4684.401      -4772.951      -4765.884      -4732.726      -4737.166    
 2020  -4758.587      -4733.579      -4753.966      -4747.045      -4730.797      -4773.834      -4907.561      -4988.536      -4990.413      -4940.002      -4925.076      -4900.285    
 2021  -4861.975      -4901.229      -4898.390      -4887.141      -4917.073      -4920.780      -999.9000      -999.9000      -999.9000      -999.9000      -999.9000      -999.9000    
